%%MatrixMarket matrix array real general
256 1
-0.2330595508390423
-0.1993133990069891
-0.05875914320281651
 0.2176708192758343
 0.3338920506994811
 0.3263264368275012
-0.154618899596232
-0.03634654955868211
 0.1652621935830621
-0.07240100620960063
-0.1127187600303718
 0.2335813514232368
-0.1392292030391833
 0.09575848459768947
-0.175954802652214
 0.01089908420962052
 0.4297491891311045
 0.112841399158386
 0.2194629005038884
 0.07698888344932661
-0.04347149203735628
 0.3357518847799402
-0.1740997357627701
 0.1284168167841542
-0.04328006437313021
 0.1196932564808399
-0.1937244620576087
-0.07003270516173057
 0.1343762666630426
 0.0390124398814369
-0.1073954739474712
 0.1399766641129724
-0.04361164163165115
-0.1165246519128354
 0.01210778153253753
 0.04653917563130475
 0.1720541381698096
-0.07821734550505813
-0.07526852331349651
 0.3224478795208661
-0.04993744868413055
 0.05785889351110773
 0.1037929349593885
-0.03389898883601798
 0.1022108928806393
-0.3325698696010644
 0.2819980490510545
-0.5225700220871097
-0.2163609400226434
 0.2054346567424561
-0.1412829292419904
-0.02835977522318629
-0.3747396103242853
-0.2115471115790116
-0.1660678444338894
 0.0193828374457462
-0.1239724828936188
-0.3273048453315062
-0.08746418199838332
 0.1821989859396682
-0.2301134031491535
 0.1242690006097763
-0.03035986332760039
-0.02698705820960687
-0.2419689927546867
 0.2281985207174663
 0.0611746510901233
 0.1489545555320695
-0.1545457747102465
-0.07806353199883101
-0.08734646504757851
-0.06167398469724585
-0.1748500733355269
 0.04221165208326849
-0.1647317491695433
-0.1099065333832073
 0.01137097708254532
-0.1237014842115229
-0.1866818399148868
 0.1825726323087647
 0.02806362976232016
 0.2496843248847173
 0.1249770070156104
 0.03899790204821405
 0.1184350184864739
 0.1728619841773523
-0.03971384212645515
 0.3173737373781504
 0.1309016178464918
-0.0441694530701744
-0.08157856711654118
 0.2106651299073932
-0.3077731774224544
 0.2667114250985165
 0.01170862059877387
 0.1616564069924642
 0.1051852308586149
 0.02607373873327969
 0.0492956016045779
-0.07426698734896486
 0.0438886029973677
 0.3148967368415314
 0.4073197251181159
 0.04218491789814514
 0.1431418886567352
 0.213121599776827
-0.02564144163428204
-0.2259524055300161
 0.3116564440662877
-0.2310140015761767
-0.02806611782392931
 0.05100366757928811
-0.4405617002227906
-0.1433478958366988
-0.1377336038052326
-0.2829077581861428
-0.06032747106388715
 0.003427705039386785
-0.01593188303343124
-0.09974309732261488
-0.00977872024945721
 0.2357543641749094
-0.213854293818046
-0.1601799042504951
-0.04614716963828462
-0.3020569177907105
-0.1896766941706219
 0.1733449508528122
 0.01624911305561837
-0.4169130065487576
 0.2065527314054681
-0.07367802672428818
 0.1388683372872474
-0.363034634214754
-0.03695224938510888
-0.312053610169324
-0.05339161949937875
-0.05966154768379163
-0.1288732167018299
 0.2998808741037751
-0.3331562186388418
 0.1537348941815472
-0.3217382086053736
 0.07570390370693258
 0.1012840115619794
 0.01596952693310975
 0.2845969596530673
-0.1884690542977063
 0.1230814854760462
-0.2349860681704407
 0.008509659849198672
 0.245231416674326
 0.1301010332731858
 0.1474961182284145
-0.187790070225862
 0.4594690245545056
-0.1735300270611431
 0.08598688052014658
 0.04100881827748607
 0.1549366869097747
 0.03785643042780248
 0.4529150141202271
 0.3269046986414403
 0.04959476508451037
-0.09831811941335364
-0.2906636311698675
-0.2337185016302697
-0.5712100767405941
 0.3931638021014478
 0.002171933481512411
-0.0678767991422609
 0.1497146734813014
-0.05328901837546566
 0.09767065016900407
 0.09227522814436692
 0.2204223691273837
-0.1474895459328008
-0.0255868719112921
 0.1123502815882575
-0.07633606858255583
-0.0471309080026332
-0.2317767885732788
-0.324601956620098
-0.0920839283780106
-0.0846339862939309
 0.06443604581636833
 0.1532382102088414
 0.146472430903118
 0.04343697325671177
-0.3594912656063586
-0.3156200718051295
-0.06871421144363116
 0.3614787986966601
-0.07780406675544009
-0.3625529346226094
-0.005280760479004977
 0.00410805641172797
 0.2058809446869131
-0.3249772390113469
 0.2258452959040606
-0.2283849034047664
-0.03228802626953273
-0.09018242468574711
 0.03755681877139129
-0.1520707811845321
-0.1531189534538723
-0.001636354658954411
 0.241356255960266
-0.05851521681113143
 0.005740924195460073
-0.3462694833674805
 0.2654563941774577
-0.08271076762634365
 0.04286305435591903
-0.2181220896394079
-0.1634402127174645
-0.1188475912490529
 0.007853839015616093
 0.01154717911201923
 0.03881014785015237
-0.05765821495499399
-0.05569368018062025
 0.02657829134227701
-0.148224042814317
 0.04633187980399311
 0.05399655625356218
-0.005276870571219361
 0.1034310667893351
-0.07870275217605939
-0.04164161336607937
-0.0359896937164175
 0.2055545690556798
 0.1118947208893665
-0.1938881389371633
-0.180676725285354
 0.1209693973115461
-0.06133170771831727
 0.0009717859732983961
-0.02464017162610765
-0.04277015806589014
-0.08744014651801311
-0.127606222651563
-0.1082790099568087
 0.1888132647025179
 0.1973063810682482
 0.09012599631064244
 0.03515964594007045
-0.01322063483564785
 0.09507871678532492
-0.1780183708457604
 0.4832223805095006
 0.3008659143104788
-0.1949172017049768
-0.02024235825518711
 0.04716582308328605
 0.001283057052092312
