%%MatrixMarket matrix array real general
128 1
-0.6475041369851992
 0
 0
 0
 0
 0
 0
 0
 0
 0
 0
 0
 0
 0
 0
 0
 0
-0.67849685349376
 0
 0
 0
-0.1474825888768764
 0
 0
 0
 0
 0
 0
 0
 0
 0
 0
 0
 0
 0
 0
 0
 0
 0
 0
 0
 0
 0
 0
 0
 0
 0
 0
 0
 0
 0
 0
 0
 0
 0
 0
 0
 0
 0
 0
 0
 0
 0
 0
 0
 0
 0
 0
 0
 0
 0.9283818430227813
 0
 0
 0
 0
 0
 0
 0
 0
 0
 0
 0
 0
 0
 0
 0
 0
 0
 0
 0
 0
 0
 0
 0
 0
 0
 0
 0
 0
 0
 0
 0.7645081764346049
 0
 1.07351123062082
 1.058039490038431
 0
 0
 0
 0
 0
 0
 0
 0
 0
 0
 0
 0.4177092237237514
 0
 0
 0
 0
 0
 0
 0
 0
 0
 0
 0
